[gd_scene load_steps=11 format=2]

[ext_resource path="res://scripts/world.gd" type="Script" id=1]
[ext_resource path="res://scenes/HUD.tscn" type="PackedScene" id=2]
[ext_resource path="res://scripts/Water.gd" type="Script" id=3]
[ext_resource path="res://assets/mesh/WaterShape.tres" type="Shape" id=4]
[ext_resource path="res://map_tiles/canyon/Material/water.tres" type="Material" id=5]
[ext_resource path="res://scenes/Plane.tscn" type="PackedScene" id=6]
[ext_resource path="res://scenes/GhostPlane.tscn" type="PackedScene" id=7]
[ext_resource path="res://maps/Canyon01.tscn" type="PackedScene" id=8]

[sub_resource type="PlaneMesh" id=1]
material = ExtResource( 5 )
size = Vector2( 16000, 16000 )
subdivide_width = 100
subdivide_depth = 100

[sub_resource type="Animation" id=2]
resource_name = "uv1"
loop = true
tracks/0/type = "value"
tracks/0/path = NodePath(".:mesh:material:uv1_offset")
tracks/0/interp = 1
tracks/0/loop_wrap = true
tracks/0/imported = false
tracks/0/enabled = true
tracks/0/keys = {
"times": PoolRealArray( 0, 1 ),
"transitions": PoolRealArray( 1, 1 ),
"update": 0,
"values": [ Vector3( 0, 0, 0 ), Vector3( 1, 0, 0 ) ]
}

[node name="World" type="Position3D"]
transform = Transform( 1, 0, 0, 0, 1, 0, 0, 0, 1, 0, 50, 0 )
script = ExtResource( 1 )

[node name="DirectionalLight" type="DirectionalLight" parent="."]
transform = Transform( 0.906308, 0.298835, 0.298836, -6.18173e-08, -0.707107, 0.707105, 0.422618, -0.640855, -0.640856, 0, 0, 0 )
light_energy = 0.8
light_indirect_energy = 0.8
light_specular = 0.45
shadow_enabled = true
shadow_color = Color( 0.199219, 0.199219, 0.199219, 1 )
shadow_bias = 0.2
directional_shadow_blend_splits = true
directional_shadow_normal_bias = 4.0
directional_shadow_bias_split_scale = 1.0
directional_shadow_max_distance = 2000.0

[node name="HUD" parent="." instance=ExtResource( 2 )]

[node name="Water" type="Area" parent="."]
input_ray_pickable = false
space_override = 3
gravity = 3.0
linear_damp = 0.999
angular_damp = 0.999
collision_mask = 4
script = ExtResource( 3 )

[node name="WaterCollisionShape" type="CollisionShape" parent="Water"]
transform = Transform( 1, 0, 0, 0, 1, 0, 0, 0, 1, 0, -20, 0 )
shape = ExtResource( 4 )

[node name="MeshInstance" type="MeshInstance" parent="Water"]
mesh = SubResource( 1 )
material/0 = null

[node name="AnimationPlayer" type="AnimationPlayer" parent="Water"]
root_node = NodePath("../MeshInstance")
autoplay = "uv1"
playback_speed = 0.15
anims/uv1 = SubResource( 2 )

[node name="WaterStaticBody" type="StaticBody" parent="Water"]
collision_layer = 32

[node name="CollisionShape" type="CollisionShape" parent="Water/WaterStaticBody"]
transform = Transform( 1, 0, 0, 0, 1, 0, 0, 0, 1, 0, -20, 0 )
shape = ExtResource( 4 )

[node name="Plane" parent="." instance=ExtResource( 6 )]
transform = Transform( 0.00010002, -0.997861, -0.0653687, -0.00152682, -0.0653688, 0.99786, -0.999999, 0, -0.00153009, -4.41933, 145.207, 115.694 )

[node name="GhostPlane" parent="." instance=ExtResource( 7 )]
transform = Transform( -0.0336638, -0.999433, 2.67877e-09, -0.0306242, 0.00103152, 0.99953, -0.998964, 0.033648, -0.0306416, 0, 61.6459, 0 )

[node name="Map" parent="." instance=ExtResource( 8 )]
[connection signal="map_loaded" from="." to="Plane" method="_on_map_loaded"]
[connection signal="checkpoint_crossed" from="Plane" to="HUD" method="_on_checkpoint_crossed"]
[connection signal="plane_destroyed" from="Plane" to="HUD" method="_on_plane_destroyed"]
[connection signal="race_ended" from="Plane" to="HUD" method="_on_race_ended"]
[connection signal="race_initialized" from="Plane" to="HUD" method="_on_race_initialized"]
[connection signal="race_started" from="Plane" to="HUD" method="_on_race_started"]
